1	5.013760e-001	4.986240e-001	0	
2	4.961680e-001	5.038280e-001	4.000000e-006	
3	4.909560e-001	5.090160e-001	2.800000e-005	
4	4.860560e-001	5.138800e-001	6.400000e-005	
5	4.812000e-001	5.186920e-001	1.080000e-004	
6	4.765400e-001	5.233320e-001	1.280000e-004	
7	4.720200e-001	5.277640e-001	2.160000e-004	
8	4.676320e-001	5.320680e-001	3.000000e-004	
9	4.632640e-001	5.362600e-001	4.760000e-004	
10	4.591000e-001	5.403560e-001	5.440000e-004	
11	4.550760e-001	5.442600e-001	6.640000e-004	
12	4.512160e-001	5.479760e-001	8.080000e-004	
13	4.473800e-001	5.516080e-001	1.012000e-003	
14	4.440120e-001	5.547480e-001	1.240000e-003	
15	4.409000e-001	5.575840e-001	1.516000e-003	
16	4.381440e-001	5.600640e-001	1.792000e-003	
17	4.355120e-001	5.623880e-001	2.100000e-003	
18	4.333680e-001	5.642360e-001	2.396000e-003	
19	4.316120e-001	5.656160e-001	2.772000e-003	
20	4.300000e-001	5.668880e-001	3.112000e-003	
21	4.285960e-001	5.677720e-001	3.632000e-003	
22	4.278280e-001	5.680920e-001	4.080000e-003	
23	4.275640e-001	5.679080e-001	4.528000e-003	
24	4.279640e-001	5.669440e-001	5.092000e-003	
25	4.287760e-001	5.657040e-001	5.520000e-003	
26	4.299720e-001	5.638480e-001	6.180000e-003	
27	4.317040e-001	5.615640e-001	6.732000e-003	
28	4.341800e-001	5.585360e-001	7.284000e-003	
29	4.371360e-001	5.551880e-001	7.676000e-003	
30	4.404120e-001	5.511200e-001	8.468000e-003	
31	4.444200e-001	5.464640e-001	9.116000e-003	
32	4.492360e-001	5.406960e-001	1.006800e-002	
33	4.549600e-001	5.344520e-001	1.058800e-002	
34	4.610880e-001	5.280840e-001	1.082800e-002	
35	4.671120e-001	5.215880e-001	1.130000e-002	
36	4.737280e-001	5.142520e-001	1.202000e-002	
37	4.810400e-001	5.066280e-001	1.233200e-002	
38	4.887520e-001	4.979920e-001	1.325600e-002	
39	4.971800e-001	4.893720e-001	1.344800e-002	
40	5.059320e-001	4.801880e-001	1.388000e-002	
41	5.147920e-001	4.707360e-001	1.447200e-002	
42	5.240440e-001	4.614960e-001	1.446000e-002	
43	5.334160e-001	4.518200e-001	1.476400e-002	
44	5.428240e-001	4.416680e-001	1.550800e-002	
45	5.529120e-001	4.312840e-001	1.580400e-002	
46	5.632000e-001	4.206600e-001	1.614000e-002	
47	5.737040e-001	4.096640e-001	1.663200e-002	
48	5.848280e-001	3.984480e-001	1.672400e-002	
49	5.954840e-001	3.874960e-001	1.702000e-002	
50	6.065640e-001	3.759800e-001	1.745600e-002	
51	6.182600e-001	3.645200e-001	1.722000e-002	
52	6.292720e-001	3.532000e-001	1.752800e-002	
53	6.406240e-001	3.424920e-001	1.688400e-002	
54	6.511120e-001	3.319240e-001	1.696400e-002	
55	6.614520e-001	3.216400e-001	1.690800e-002	
56	6.720680e-001	3.112720e-001	1.666000e-002	
57	6.822280e-001	3.019360e-001	1.583600e-002	
58	6.912160e-001	2.936120e-001	1.517200e-002	
59	6.995440e-001	2.859200e-001	1.453600e-002	
60	7.070200e-001	2.792520e-001	1.372800e-002	
61	7.137880e-001	2.730440e-001	1.316800e-002	
62	7.200120e-001	2.673080e-001	1.268000e-002	
63	7.255440e-001	2.620160e-001	1.244000e-002	
64	7.306800e-001	2.575360e-001	1.178400e-002	
65	7.352240e-001	2.534080e-001	1.136800e-002	
66	7.392680e-001	2.496000e-001	1.113200e-002	
67	7.431720e-001	2.463840e-001	1.044400e-002	
68	7.460280e-001	2.441240e-001	9.848000e-003	
69	7.485040e-001	2.426280e-001	8.868000e-003	
70	7.500160e-001	2.417760e-001	8.208000e-003	
71	7.505800e-001	2.419480e-001	7.472000e-003	
72	7.503360e-001	2.428840e-001	6.780000e-003	
73	7.496720e-001	2.437400e-001	6.588000e-003	
74	7.489240e-001	2.448880e-001	6.188000e-003	
75	7.476760e-001	2.465920e-001	5.732000e-003	
76	7.455760e-001	2.494880e-001	4.936000e-003	
77	7.430160e-001	2.527800e-001	4.204000e-003	
78	7.398280e-001	2.565880e-001	3.584000e-003	
79	7.360840e-001	2.608120e-001	3.104000e-003	
80	7.316200e-001	2.655680e-001	2.812000e-003	
81	7.269040e-001	2.706520e-001	2.444000e-003	
82	7.220520e-001	2.757800e-001	2.168000e-003	
83	7.166280e-001	2.814600e-001	1.912000e-003	
84	7.117080e-001	2.867600e-001	1.532000e-003	
85	7.061800e-001	2.927560e-001	1.064000e-003	
86	7.002480e-001	2.988720e-001	8.800000e-004	
87	6.938400e-001	3.053240e-001	8.360000e-004	
88	6.876600e-001	3.114920e-001	8.480000e-004	
89	6.816760e-001	3.174640e-001	8.600000e-004	
90	6.756200e-001	3.234480e-001	9.320000e-004	
91	6.699480e-001	3.291480e-001	9.040000e-004	
92	6.640960e-001	3.348800e-001	1.024000e-003	
93	6.584200e-001	3.405960e-001	9.840000e-004	
94	6.528600e-001	3.461920e-001	9.480000e-004	
95	6.473000e-001	3.516960e-001	1.004000e-003	
96	6.417880e-001	3.572520e-001	9.600000e-004	
97	6.361360e-001	3.628480e-001	1.016000e-003	
98	6.306640e-001	3.682960e-001	1.040000e-003	
99	6.251960e-001	3.735920e-001	1.212000e-003	
100	6.202360e-001	3.784040e-001	1.360000e-003	
101	6.154280e-001	3.832400e-001	1.332000e-003	
102	6.104920e-001	3.879800e-001	1.528000e-003	
103	6.059280e-001	3.925160e-001	1.556000e-003	
104	6.011600e-001	3.971320e-001	1.708000e-003	
105	5.969480e-001	4.014560e-001	1.596000e-003	
106	5.925920e-001	4.057720e-001	1.636000e-003	
107	5.881800e-001	4.100280e-001	1.792000e-003	
108	5.839120e-001	4.141120e-001	1.976000e-003	
109	5.798360e-001	4.181800e-001	1.984000e-003	
110	5.759000e-001	4.219360e-001	2.164000e-003	
111	5.722480e-001	4.253800e-001	2.372000e-003	
112	5.690080e-001	4.283560e-001	2.636000e-003	
113	5.659360e-001	4.311960e-001	2.868000e-003	
114	5.632800e-001	4.335320e-001	3.188000e-003	
115	5.608040e-001	4.358400e-001	3.356000e-003	
116	5.585240e-001	4.378800e-001	3.596000e-003	
117	5.566560e-001	4.394680e-001	3.876000e-003	
118	5.548120e-001	4.410240e-001	4.164000e-003	
119	5.534320e-001	4.418760e-001	4.692000e-003	
120	5.525520e-001	4.426320e-001	4.816000e-003	
121	5.520640e-001	4.427760e-001	5.160000e-003	
122	5.515960e-001	4.430440e-001	5.360000e-003	
123	5.514880e-001	4.426720e-001	5.840000e-003	
124	5.521160e-001	4.415200e-001	6.364000e-003	
125	5.530080e-001	4.397040e-001	7.288000e-003	
126	5.546720e-001	4.375640e-001	7.764000e-003	
127	5.568160e-001	4.352560e-001	7.928000e-003	
128	5.588400e-001	4.328480e-001	8.312000e-003	
129	5.615720e-001	4.300920e-001	8.336000e-003	
130	5.643040e-001	4.268360e-001	8.860000e-003	
131	5.676480e-001	4.230880e-001	9.264000e-003	
132	5.713240e-001	4.191080e-001	9.568000e-003	
133	5.751520e-001	4.146800e-001	1.016800e-002	
134	5.792960e-001	4.101440e-001	1.056000e-002	
135	5.841920e-001	4.049160e-001	1.089200e-002	
136	5.892960e-001	3.993000e-001	1.140400e-002	
137	5.944760e-001	3.939680e-001	1.155600e-002	
138	5.999920e-001	3.879760e-001	1.203200e-002	
139	6.058800e-001	3.815240e-001	1.259600e-002	
140	6.123200e-001	3.748560e-001	1.282400e-002	
141	6.192000e-001	3.679240e-001	1.287600e-002	
142	6.257000e-001	3.609760e-001	1.332400e-002	
143	6.324560e-001	3.536640e-001	1.388000e-002	
144	6.402560e-001	3.458000e-001	1.394400e-002	
145	6.480240e-001	3.382080e-001	1.376800e-002	
146	6.553000e-001	3.304160e-001	1.428400e-002	
147	6.632600e-001	3.222720e-001	1.446800e-002	
148	6.710960e-001	3.142840e-001	1.462000e-002	
149	6.792080e-001	3.064520e-001	1.434000e-002	
150	6.868760e-001	2.993200e-001	1.380400e-002	
151	6.936000e-001	2.928520e-001	1.354800e-002	
152	6.999360e-001	2.863400e-001	1.372400e-002	
153	7.065440e-001	2.803160e-001	1.314000e-002	
154	7.129520e-001	2.741280e-001	1.292000e-002	
155	7.188080e-001	2.685800e-001	1.261200e-002	
156	7.241680e-001	2.635680e-001	1.226400e-002	
157	7.292040e-001	2.592400e-001	1.155600e-002	
158	7.334480e-001	2.558520e-001	1.070000e-002	
159	7.369240e-001	2.527400e-001	1.033600e-002	
160	7.397800e-001	2.500880e-001	1.013200e-002	
161	7.426000e-001	2.478160e-001	9.584000e-003	
162	7.449040e-001	2.459840e-001	9.112000e-003	
163	7.464560e-001	2.453360e-001	8.208000e-003	
164	7.472840e-001	2.452880e-001	7.428000e-003	
165	7.473040e-001	2.457200e-001	6.976000e-003	
166	7.467120e-001	2.467040e-001	6.584000e-003	
167	7.460080e-001	2.477560e-001	6.236000e-003	
168	7.448200e-001	2.493960e-001	5.784000e-003	
169	7.429280e-001	2.515400e-001	5.532000e-003	
170	7.407920e-001	2.541640e-001	5.044000e-003	
171	7.387200e-001	2.565600e-001	4.720000e-003	
172	7.361640e-001	2.594480e-001	4.388000e-003	
173	7.332200e-001	2.629640e-001	3.816000e-003	
174	7.297760e-001	2.667520e-001	3.472000e-003	
175	7.261760e-001	2.706600e-001	3.164000e-003	
176	7.220480e-001	2.749040e-001	3.048000e-003	
177	7.182040e-001	2.790520e-001	2.744000e-003	
178	7.139040e-001	2.834360e-001	2.660000e-003	
179	7.094280e-001	2.880720e-001	2.500000e-003	
180	7.044320e-001	2.932480e-001	2.320000e-003	
181	6.996160e-001	2.981400e-001	2.244000e-003	
182	6.950240e-001	3.028240e-001	2.152000e-003	
183	6.902840e-001	3.076680e-001	2.048000e-003	
184	6.852440e-001	3.126400e-001	2.116000e-003	
185	6.805240e-001	3.175400e-001	1.936000e-003	
186	6.753800e-001	3.228360e-001	1.784000e-003	
187	6.704720e-001	3.277080e-001	1.820000e-003	
188	6.656360e-001	3.325800e-001	1.784000e-003	
189	6.609240e-001	3.373480e-001	1.728000e-003	
190	6.556960e-001	3.426280e-001	1.676000e-003	
191	6.505920e-001	3.477480e-001	1.660000e-003	
192	6.455600e-001	3.526200e-001	1.820000e-003	
193	6.408960e-001	3.573120e-001	1.792000e-003	
194	6.364280e-001	3.616840e-001	1.888000e-003	
195	6.320440e-001	3.659560e-001	2.000000e-003	
196	6.275160e-001	3.705240e-001	1.960000e-003	
197	6.231800e-001	3.747920e-001	2.028000e-003	
198	6.191800e-001	3.786600e-001	2.160000e-003	
199	6.150760e-001	3.825240e-001	2.400000e-003	
200	6.112040e-001	3.863200e-001	2.476000e-003	
201	6.074200e-001	3.899200e-001	2.660000e-003	
202	6.040080e-001	3.931520e-001	2.840000e-003	
203	6.010560e-001	3.959160e-001	3.028000e-003	
204	5.981840e-001	3.988520e-001	2.964000e-003	
205	5.952120e-001	4.016840e-001	3.104000e-003	
206	5.926720e-001	4.039400e-001	3.388000e-003	
207	5.901720e-001	4.061400e-001	3.688000e-003	
208	5.879400e-001	4.082320e-001	3.828000e-003	
209	5.862000e-001	4.098360e-001	3.964000e-003	
210	5.843640e-001	4.115800e-001	4.056000e-003	
211	5.824600e-001	4.134360e-001	4.104000e-003	
212	5.805240e-001	4.150400e-001	4.436000e-003	
213	5.792160e-001	4.162800e-001	4.504000e-003	
214	5.778760e-001	4.173280e-001	4.796000e-003	
215	5.770000e-001	4.179000e-001	5.100000e-003	
216	5.763680e-001	4.186440e-001	4.988000e-003	
217	5.757200e-001	4.189800e-001	5.300000e-003	
218	5.752880e-001	4.192040e-001	5.508000e-003	
219	5.750600e-001	4.190120e-001	5.928000e-003	
220	5.751840e-001	4.185400e-001	6.276000e-003	
221	5.761200e-001	4.175840e-001	6.296000e-003	
222	5.765560e-001	4.169360e-001	6.508000e-003	
223	5.774560e-001	4.158320e-001	6.712000e-003	
224	5.783040e-001	4.146840e-001	7.012000e-003	
225	5.794960e-001	4.130640e-001	7.440000e-003	
226	5.813760e-001	4.106600e-001	7.964000e-003	
227	5.834560e-001	4.084320e-001	8.112000e-003	
228	5.856400e-001	4.057400e-001	8.620000e-003	
229	5.885840e-001	4.022280e-001	9.188000e-003	
230	5.916840e-001	3.994520e-001	8.864000e-003	
231	5.946280e-001	3.962520e-001	9.120000e-003	
232	5.980320e-001	3.926480e-001	9.320000e-003	
233	6.013480e-001	3.896280e-001	9.024000e-003	
234	6.046440e-001	3.860320e-001	9.324000e-003	
235	6.077680e-001	3.830640e-001	9.168000e-003	
236	6.108240e-001	3.793560e-001	9.820000e-003	
237	6.143640e-001	3.758440e-001	9.792000e-003	
238	6.181480e-001	3.721000e-001	9.752000e-003	
239	6.216280e-001	3.687000e-001	9.672000e-003	
240	6.250080e-001	3.646720e-001	1.032000e-002	
241	6.290680e-001	3.604880e-001	1.044400e-002	
242	6.331320e-001	3.562920e-001	1.057600e-002	
243	6.376360e-001	3.515880e-001	1.077600e-002	
244	6.424160e-001	3.467360e-001	1.084800e-002	
245	6.468000e-001	3.421960e-001	1.100400e-002	
246	6.512280e-001	3.378760e-001	1.089600e-002	
247	6.555840e-001	3.334800e-001	1.093600e-002	
248	6.596520e-001	3.295440e-001	1.080400e-002	
249	6.639360e-001	3.250880e-001	1.097600e-002	
250	6.680800e-001	3.208400e-001	1.108000e-002	
251	6.725440e-001	3.162640e-001	1.119200e-002	
252	6.772320e-001	3.118360e-001	1.093200e-002	
253	6.811760e-001	3.076840e-001	1.114000e-002	
254	6.857080e-001	3.030680e-001	1.122400e-002	
255	6.901760e-001	2.985240e-001	1.130000e-002	
256	6.945600e-001	2.937840e-001	1.165600e-002	
257	6.992640e-001	2.891520e-001	1.158400e-002	
258	7.039600e-001	2.844400e-001	1.160000e-002	
259	7.084040e-001	2.803920e-001	1.120400e-002	
260	7.124640e-001	2.768880e-001	1.064800e-002	
261	7.160240e-001	2.739040e-001	1.007200e-002	
262	7.188880e-001	2.711520e-001	9.960000e-003	
263	7.217760e-001	2.687960e-001	9.428000e-003	
264	7.235480e-001	2.673000e-001	9.152000e-003	
265	7.255680e-001	2.659840e-001	8.448000e-003	
266	7.269040e-001	2.654200e-001	7.676000e-003	
267	7.272600e-001	2.653840e-001	7.356000e-003	
268	7.272040e-001	2.661440e-001	6.652000e-003	
269	7.264680e-001	2.677280e-001	5.804000e-003	
270	7.250560e-001	2.697400e-001	5.204000e-003	
271	7.230120e-001	2.722080e-001	4.780000e-003	
272	7.203760e-001	2.755560e-001	4.068000e-003	
273	7.173160e-001	2.792840e-001	3.400000e-003	
274	7.133680e-001	2.835560e-001	3.076000e-003	
275	7.092600e-001	2.882320e-001	2.508000e-003	
276	7.046080e-001	2.933240e-001	2.068000e-003	
277	6.997160e-001	2.987080e-001	1.576000e-003	
278	6.941800e-001	3.044960e-001	1.324000e-003	
279	6.887600e-001	3.099880e-001	1.252000e-003	
280	6.832040e-001	3.155280e-001	1.268000e-003	
281	6.776000e-001	3.211160e-001	1.284000e-003	
282	6.722680e-001	3.265000e-001	1.232000e-003	
283	6.667240e-001	3.318360e-001	1.440000e-003	
284	6.614480e-001	3.370440e-001	1.508000e-003	
285	6.563840e-001	3.420360e-001	1.580000e-003	
286	6.514840e-001	3.469040e-001	1.612000e-003	
287	6.467160e-001	3.515120e-001	1.772000e-003	
288	6.421040e-001	3.560240e-001	1.872000e-003	
289	6.377400e-001	3.603480e-001	1.912000e-003	
290	6.332600e-001	3.646720e-001	2.068000e-003	
291	6.289960e-001	3.689680e-001	2.036000e-003	
292	6.247080e-001	3.731160e-001	2.176000e-003	
293	6.204280e-001	3.771600e-001	2.412000e-003	
294	6.167000e-001	3.806840e-001	2.616000e-003	
295	6.130800e-001	3.841560e-001	2.764000e-003	
296	6.097360e-001	3.871520e-001	3.112000e-003	
297	6.065960e-001	3.904600e-001	2.944000e-003	
298	6.032040e-001	3.936280e-001	3.168000e-003	
299	6.004040e-001	3.964120e-001	3.184000e-003	
300	5.977200e-001	3.989360e-001	3.344000e-003	
301	5.950760e-001	4.013800e-001	3.544000e-003	
302	5.925400e-001	4.037560e-001	3.704000e-003	
303	5.901360e-001	4.059720e-001	3.892000e-003	
304	5.881280e-001	4.077560e-001	4.116000e-003	
305	5.864440e-001	4.092320e-001	4.324000e-003	
306	5.846480e-001	4.106680e-001	4.684000e-003	
307	5.833080e-001	4.117920e-001	4.900000e-003	
308	5.825880e-001	4.121440e-001	5.268000e-003	
309	5.819680e-001	4.126880e-001	5.344000e-003	
310	5.815240e-001	4.129240e-001	5.552000e-003	
311	5.815440e-001	4.128000e-001	5.656000e-003	
312	5.817720e-001	4.121480e-001	6.080000e-003	
313	5.820760e-001	4.115000e-001	6.424000e-003	
314	5.826480e-001	4.106280e-001	6.724000e-003	
315	5.834680e-001	4.093200e-001	7.212000e-003	
316	5.847720e-001	4.077600e-001	7.468000e-003	
317	5.863440e-001	4.057680e-001	7.888000e-003	
318	5.886680e-001	4.034240e-001	7.908000e-003	
319	5.905240e-001	4.015440e-001	7.932000e-003	
320	5.925200e-001	3.996360e-001	7.844000e-003	
321	5.942480e-001	3.980280e-001	7.724000e-003	
322	5.962320e-001	3.955600e-001	8.208000e-003	
323	5.982960e-001	3.931480e-001	8.556000e-003	
324	6.007880e-001	3.904440e-001	8.768000e-003	
325	6.037680e-001	3.874320e-001	8.800000e-003	
326	6.067840e-001	3.840840e-001	9.132000e-003	
327	6.098120e-001	3.809440e-001	9.244000e-003	
328	6.130400e-001	3.781000e-001	8.860000e-003	
329	6.157960e-001	3.750040e-001	9.200000e-003	
330	6.187640e-001	3.721400e-001	9.096000e-003	
331	6.216160e-001	3.696160e-001	8.768000e-003	
332	6.242920e-001	3.668920e-001	8.816000e-003	
333	6.267720e-001	3.639960e-001	9.232000e-003	
334	6.300920e-001	3.605760e-001	9.332000e-003	
335	6.331360e-001	3.574480e-001	9.416000e-003	
336	6.362080e-001	3.543720e-001	9.420000e-003	
337	6.392280e-001	3.512280e-001	9.544000e-003	
338	6.423440e-001	3.480840e-001	9.572000e-003	
339	6.453400e-001	3.448200e-001	9.840000e-003	
340	6.487160e-001	3.409440e-001	1.034000e-002	
341	6.525360e-001	3.370120e-001	1.045200e-002	
342	6.563800e-001	3.333440e-001	1.027600e-002	
343	6.599920e-001	3.298280e-001	1.018000e-002	
344	6.634400e-001	3.264760e-001	1.008400e-002	
345	6.669720e-001	3.228680e-001	1.016000e-002	
346	6.706760e-001	3.192560e-001	1.006800e-002	
347	6.740960e-001	3.156240e-001	1.028000e-002	
348	6.774560e-001	3.125440e-001	1.000000e-002	
349	6.806160e-001	3.094440e-001	9.940000e-003	
350	6.833760e-001	3.064200e-001	1.020400e-002	
351	6.868720e-001	3.026240e-001	1.050400e-002	
352	6.904440e-001	2.993480e-001	1.020800e-002	
353	6.939600e-001	2.962400e-001	9.800000e-003	
354	6.969480e-001	2.931720e-001	9.880000e-003	
355	7.001520e-001	2.903960e-001	9.452000e-003	
356	7.025720e-001	2.881080e-001	9.320000e-003	
357	7.045360e-001	2.860080e-001	9.456000e-003	
358	7.070800e-001	2.833880e-001	9.532000e-003	
359	7.093320e-001	2.815600e-001	9.108000e-003	
360	7.114160e-001	2.799840e-001	8.600000e-003	
361	7.126800e-001	2.790840e-001	8.236000e-003	
362	7.135520e-001	2.786440e-001	7.804000e-003	
363	7.142960e-001	2.781000e-001	7.604000e-003	
364	7.146680e-001	2.779280e-001	7.404000e-003	
365	7.148920e-001	2.782280e-001	6.880000e-003	
366	7.144680e-001	2.791520e-001	6.380000e-003	
367	7.135920e-001	2.803760e-001	6.032000e-003	
368	7.124680e-001	2.818680e-001	5.664000e-003	
369	7.108400e-001	2.838840e-001	5.276000e-003	
370	7.091600e-001	2.858880e-001	4.952000e-003	
371	7.070200e-001	2.883200e-001	4.660000e-003	
372	7.044720e-001	2.914880e-001	4.040000e-003	
373	7.012320e-001	2.951760e-001	3.592000e-003	
374	6.977760e-001	2.989600e-001	3.264000e-003	
375	6.941360e-001	3.029120e-001	2.952000e-003	
376	6.901520e-001	3.070560e-001	2.792000e-003	
377	6.858800e-001	3.115520e-001	2.568000e-003	
378	6.815120e-001	3.159080e-001	2.580000e-003	
379	6.772280e-001	3.201360e-001	2.636000e-003	
380	6.731840e-001	3.243840e-001	2.432000e-003	
381	6.687920e-001	3.287160e-001	2.492000e-003	
382	6.646200e-001	3.329680e-001	2.412000e-003	
383	6.603280e-001	3.371880e-001	2.484000e-003	
384	6.562960e-001	3.412280e-001	2.476000e-003	
385	6.523800e-001	3.451080e-001	2.512000e-003	
386	6.486520e-001	3.487960e-001	2.552000e-003	
387	6.447760e-001	3.525320e-001	2.692000e-003	
388	6.409840e-001	3.562960e-001	2.720000e-003	
389	6.375320e-001	3.595920e-001	2.876000e-003	
390	6.343240e-001	3.628200e-001	2.856000e-003	
391	6.308120e-001	3.663040e-001	2.884000e-003	
392	6.272560e-001	3.695760e-001	3.168000e-003	
393	6.243840e-001	3.723000e-001	3.316000e-003	
394	6.215280e-001	3.749840e-001	3.488000e-003	
395	6.191600e-001	3.771600e-001	3.680000e-003	
396	6.165320e-001	3.798680e-001	3.600000e-003	
397	6.139400e-001	3.823520e-001	3.708000e-003	
398	6.116320e-001	3.844000e-001	3.968000e-003	
399	6.097040e-001	3.861680e-001	4.128000e-003	
400	6.077880e-001	3.879200e-001	4.292000e-003	
401	6.061120e-001	3.893120e-001	4.576000e-003	
402	6.048960e-001	3.904240e-001	4.680000e-003	
403	6.038440e-001	3.911520e-001	5.004000e-003	
404	6.026440e-001	3.921600e-001	5.196000e-003	
405	6.020280e-001	3.926920e-001	5.280000e-003	
406	6.016000e-001	3.929280e-001	5.472000e-003	
407	6.008360e-001	3.933200e-001	5.844000e-003	
408	6.004960e-001	3.931800e-001	6.324000e-003	
409	6.006560e-001	3.927880e-001	6.556000e-003	
410	6.013920e-001	3.919840e-001	6.624000e-003	
411	6.018800e-001	3.915200e-001	6.600000e-003	
412	6.022840e-001	3.908320e-001	6.884000e-003	
413	6.030200e-001	3.898160e-001	7.164000e-003	
414	6.040000e-001	3.886120e-001	7.388000e-003	
415	6.052720e-001	3.876240e-001	7.104000e-003	
416	6.062680e-001	3.863720e-001	7.360000e-003	
417	6.076360e-001	3.846000e-001	7.764000e-003	
418	6.092560e-001	3.830360e-001	7.708000e-003	
419	6.110440e-001	3.811560e-001	7.800000e-003	
420	6.126400e-001	3.793600e-001	8.000000e-003	
421	6.147080e-001	3.770880e-001	8.204000e-003	
422	6.167200e-001	3.750920e-001	8.188000e-003	
423	6.189760e-001	3.727400e-001	8.284000e-003	
424	6.206720e-001	3.708080e-001	8.520000e-003	
425	6.229480e-001	3.684080e-001	8.644000e-003	
426	6.254080e-001	3.658320e-001	8.760000e-003	
427	6.277320e-001	3.633120e-001	8.956000e-003	
428	6.301160e-001	3.605320e-001	9.352000e-003	
429	6.332520e-001	3.572160e-001	9.532000e-003	
430	6.362720e-001	3.540840e-001	9.644000e-003	
431	6.395880e-001	3.510280e-001	9.384000e-003	
432	6.425240e-001	3.480160e-001	9.460000e-003	
433	6.456720e-001	3.448080e-001	9.520000e-003	
434	6.486800e-001	3.417480e-001	9.572000e-003	
435	6.513160e-001	3.388920e-001	9.792000e-003	
436	6.546280e-001	3.356240e-001	9.748000e-003	
437	6.579840e-001	3.321920e-001	9.824000e-003	
438	6.612000e-001	3.289680e-001	9.832000e-003	
439	6.641760e-001	3.259680e-001	9.856000e-003	
440	6.672320e-001	3.228160e-001	9.952000e-003	
441	6.706360e-001	3.193960e-001	9.968000e-003	
442	6.736960e-001	3.161680e-001	1.013600e-002	
443	6.771360e-001	3.126760e-001	1.018800e-002	
444	6.803000e-001	3.091680e-001	1.053200e-002	
445	6.841280e-001	3.055040e-001	1.036800e-002	
446	6.876360e-001	3.019960e-001	1.036800e-002	
447	6.911640e-001	2.986600e-001	1.017600e-002	
448	6.945800e-001	2.951760e-001	1.024400e-002	
449	6.978880e-001	2.924200e-001	9.692000e-003	
450	7.006680e-001	2.898160e-001	9.516000e-003	
451	7.030920e-001	2.874680e-001	9.440000e-003	
452	7.052720e-001	2.853360e-001	9.392000e-003	
453	7.076320e-001	2.832120e-001	9.156000e-003	
454	7.097720e-001	2.815920e-001	8.636000e-003	
455	7.113200e-001	2.807080e-001	7.972000e-003	
456	7.124200e-001	2.797080e-001	7.872000e-003	
457	7.132000e-001	2.793280e-001	7.472000e-003	
458	7.137080e-001	2.788640e-001	7.428000e-003	
459	7.142000e-001	2.786640e-001	7.136000e-003	
460	7.140320e-001	2.790360e-001	6.932000e-003	
461	7.139400e-001	2.794000e-001	6.660000e-003	
462	7.135960e-001	2.800160e-001	6.388000e-003	
463	7.126280e-001	2.813880e-001	5.984000e-003	
464	7.113960e-001	2.828200e-001	5.784000e-003	
465	7.102120e-001	2.841080e-001	5.680000e-003	
466	7.088880e-001	2.855280e-001	5.584000e-003	
467	7.074360e-001	2.873960e-001	5.168000e-003	
468	7.055320e-001	2.897120e-001	4.756000e-003	
469	7.033480e-001	2.922040e-001	4.448000e-003	
470	7.007320e-001	2.948680e-001	4.400000e-003	
471	6.980920e-001	2.978320e-001	4.076000e-003	
472	6.952280e-001	3.008160e-001	3.956000e-003	
473	6.920640e-001	3.041920e-001	3.744000e-003	
474	6.889280e-001	3.075160e-001	3.556000e-003	
475	6.855720e-001	3.110440e-001	3.384000e-003	
476	6.819000e-001	3.145720e-001	3.528000e-003	
477	6.784640e-001	3.178520e-001	3.684000e-003	
478	6.754720e-001	3.207360e-001	3.792000e-003	
479	6.723280e-001	3.241120e-001	3.560000e-003	
480	6.691960e-001	3.273640e-001	3.440000e-003	
481	6.661000e-001	3.302800e-001	3.620000e-003	
482	6.630480e-001	3.333040e-001	3.648000e-003	
483	6.598840e-001	3.363200e-001	3.796000e-003	
484	6.571480e-001	3.389840e-001	3.868000e-003	
485	6.546080e-001	3.413200e-001	4.072000e-003	
486	6.523080e-001	3.436720e-001	4.020000e-003	
487	6.494280e-001	3.466040e-001	3.968000e-003	
488	6.470920e-001	3.490160e-001	3.892000e-003	
489	6.444080e-001	3.514880e-001	4.104000e-003	
490	6.419560e-001	3.536960e-001	4.348000e-003	
491	6.400280e-001	3.554160e-001	4.556000e-003	
492	6.380280e-001	3.569800e-001	4.992000e-003	
493	6.365640e-001	3.583000e-001	5.136000e-003	
494	6.353880e-001	3.593400e-001	5.272000e-003	
495	6.344200e-001	3.600320e-001	5.548000e-003	
496	6.339440e-001	3.603960e-001	5.660000e-003	
497	6.330680e-001	3.609160e-001	6.016000e-003	
498	6.325000e-001	3.616320e-001	5.868000e-003	
499	6.321120e-001	3.616960e-001	6.192000e-003	
500	6.322360e-001	3.614120e-001	6.352000e-003	
501	6.323960e-001	3.613640e-001	6.240000e-003	
502	6.321960e-001	3.613040e-001	6.500000e-003	
503	6.325360e-001	3.607520e-001	6.712000e-003	
504	6.330880e-001	3.598920e-001	7.020000e-003	
505	6.340400e-001	3.587800e-001	7.180000e-003	
506	6.348880e-001	3.577400e-001	7.372000e-003	
507	6.359120e-001	3.564600e-001	7.628000e-003	
508	6.370320e-001	3.553080e-001	7.660000e-003	
509	6.383200e-001	3.537560e-001	7.924000e-003	
510	6.393480e-001	3.525760e-001	8.076000e-003	
511	6.407640e-001	3.509440e-001	8.292000e-003	
512	6.428120e-001	3.486120e-001	8.576000e-003	
513	6.451480e-001	3.460280e-001	8.824000e-003	
514	6.474520e-001	3.435440e-001	9.004000e-003	
515	6.500240e-001	3.409120e-001	9.064000e-003	
516	6.526400e-001	3.382200e-001	9.140000e-003	
517	6.551600e-001	3.357040e-001	9.136000e-003	
518	6.577640e-001	3.330520e-001	9.184000e-003	
519	6.604440e-001	3.303680e-001	9.188000e-003	
520	6.630440e-001	3.276680e-001	9.288000e-003	
521	6.655800e-001	3.250120e-001	9.408000e-003	
522	6.685640e-001	3.219160e-001	9.520000e-003	
523	6.713680e-001	3.190560e-001	9.576000e-003	
524	6.743720e-001	3.158560e-001	9.772000e-003	
525	6.773400e-001	3.132840e-001	9.376000e-003	
526	6.801000e-001	3.105880e-001	9.312000e-003	
527	6.825920e-001	3.080480e-001	9.360000e-003	
528	6.851560e-001	3.053560e-001	9.488000e-003	
529	6.876360e-001	3.032760e-001	9.088000e-003	
530	6.896120e-001	3.010480e-001	9.340000e-003	
531	6.923000e-001	2.983400e-001	9.360000e-003	
532	6.946760e-001	2.964040e-001	8.920000e-003	
533	6.964960e-001	2.945520e-001	8.952000e-003	
534	6.985720e-001	2.926680e-001	8.760000e-003	
535	7.004200e-001	2.907920e-001	8.788000e-003	
536	7.024080e-001	2.885640e-001	9.028000e-003	
537	7.044200e-001	2.866880e-001	8.892000e-003	
538	7.059440e-001	2.848800e-001	9.176000e-003	
539	7.080880e-001	2.830720e-001	8.840000e-003	
540	7.100040e-001	2.813520e-001	8.644000e-003	
541	7.115600e-001	2.799360e-001	8.504000e-003	
542	7.127480e-001	2.790280e-001	8.224000e-003	
543	7.138360e-001	2.782080e-001	7.956000e-003	
544	7.147400e-001	2.777160e-001	7.544000e-003	
545	7.152320e-001	2.775120e-001	7.256000e-003	
546	7.152000e-001	2.777840e-001	7.016000e-003	
547	7.149200e-001	2.783680e-001	6.712000e-003	
548	7.144080e-001	2.791120e-001	6.480000e-003	
549	7.139000e-001	2.796840e-001	6.416000e-003	
550	7.129000e-001	2.807600e-001	6.340000e-003	
551	7.120760e-001	2.815920e-001	6.332000e-003	
552	7.113040e-001	2.824840e-001	6.212000e-003	
553	7.103640e-001	2.834280e-001	6.208000e-003	
554	7.096360e-001	2.843480e-001	6.016000e-003	
555	7.086920e-001	2.854640e-001	5.844000e-003	
556	7.075280e-001	2.868640e-001	5.608000e-003	
557	7.057280e-001	2.890280e-001	5.244000e-003	
558	7.037360e-001	2.910680e-001	5.196000e-003	
559	7.020160e-001	2.930920e-001	4.892000e-003	
560	7.001440e-001	2.952200e-001	4.636000e-003	
561	6.977840e-001	2.978320e-001	4.384000e-003	
562	6.951240e-001	3.006160e-001	4.260000e-003	
563	6.926480e-001	3.031400e-001	4.212000e-003	
564	6.900040e-001	3.059720e-001	4.024000e-003	
565	6.874320e-001	3.087120e-001	3.856000e-003	
566	6.845480e-001	3.117280e-001	3.724000e-003	
567	6.814720e-001	3.146960e-001	3.832000e-003	
568	6.785480e-001	3.177240e-001	3.728000e-003	
569	6.757840e-001	3.204760e-001	3.740000e-003	
570	6.728400e-001	3.232480e-001	3.912000e-003	
571	6.699720e-001	3.260680e-001	3.960000e-003	
572	6.672800e-001	3.286920e-001	4.028000e-003	
573	6.643080e-001	3.316640e-001	4.028000e-003	
574	6.615120e-001	3.345560e-001	3.932000e-003	
575	6.590440e-001	3.369440e-001	4.012000e-003	
576	6.560840e-001	3.399240e-001	3.992000e-003	
577	6.535360e-001	3.422480e-001	4.216000e-003	
578	6.513440e-001	3.442920e-001	4.364000e-003	
579	6.490600e-001	3.463760e-001	4.564000e-003	
580	6.468920e-001	3.484880e-001	4.620000e-003	
581	6.449400e-001	3.503600e-001	4.700000e-003	
582	6.433480e-001	3.515720e-001	5.080000e-003	
583	6.419080e-001	3.527880e-001	5.304000e-003	
584	6.409760e-001	3.534920e-001	5.532000e-003	
585	6.401640e-001	3.544120e-001	5.424000e-003	
586	6.391480e-001	3.551080e-001	5.744000e-003	
587	6.385880e-001	3.551440e-001	6.268000e-003	
588	6.385800e-001	3.550560e-001	6.364000e-003	
589	6.383840e-001	3.548040e-001	6.812000e-003	
590	6.386520e-001	3.543240e-001	7.024000e-003	
591	6.392640e-001	3.532200e-001	7.516000e-003	
592	6.400960e-001	3.520000e-001	7.904000e-003	
593	6.415200e-001	3.501040e-001	8.376000e-003	
594	6.436360e-001	3.476680e-001	8.696000e-003	
595	6.457560e-001	3.452160e-001	9.028000e-003	
596	6.484000e-001	3.424720e-001	9.128000e-003	
597	6.511360e-001	3.394920e-001	9.372000e-003	
598	6.541600e-001	3.365720e-001	9.268000e-003	
599	6.569440e-001	3.335640e-001	9.492000e-003	
600	6.599360e-001	3.306520e-001	9.412000e-003	
601	6.627240e-001	3.276600e-001	9.616000e-003	
602	6.659720e-001	3.242760e-001	9.752000e-003	
603	6.690640e-001	3.211640e-001	9.772000e-003	
604	6.718800e-001	3.182080e-001	9.912000e-003	
605	6.749160e-001	3.152320e-001	9.852000e-003	
606	6.780040e-001	3.119120e-001	1.008400e-002	
607	6.814160e-001	3.082520e-001	1.033200e-002	
608	6.849000e-001	3.046480e-001	1.045200e-002	
609	6.883800e-001	3.012880e-001	1.033200e-002	
610	6.918560e-001	2.976000e-001	1.054400e-002	
611	6.954480e-001	2.944800e-001	1.007200e-002	
612	6.982480e-001	2.915320e-001	1.022000e-002	
613	7.017800e-001	2.881360e-001	1.008400e-002	
614	7.048640e-001	2.853640e-001	9.772000e-003	
615	7.076160e-001	2.829280e-001	9.456000e-003	
616	7.102200e-001	2.804840e-001	9.296000e-003	
617	7.120360e-001	2.787480e-001	9.216000e-003	
618	7.142040e-001	2.769600e-001	8.836000e-003	
619	7.157680e-001	2.754920e-001	8.740000e-003	
620	7.175040e-001	2.739040e-001	8.592000e-003	
621	7.188200e-001	2.730800e-001	8.100000e-003	
622	7.198640e-001	2.720640e-001	8.072000e-003	
623	7.207600e-001	2.714280e-001	7.812000e-003	
624	7.209560e-001	2.716040e-001	7.440000e-003	
625	7.212400e-001	2.710560e-001	7.704000e-003	
626	7.218920e-001	2.707400e-001	7.368000e-003	
627	7.222640e-001	2.704680e-001	7.268000e-003	
628	7.222440e-001	2.706640e-001	7.092000e-003	
629	7.220160e-001	2.709960e-001	6.988000e-003	
630	7.220560e-001	2.710920e-001	6.852000e-003	
631	7.218440e-001	2.714080e-001	6.748000e-003	
632	7.211560e-001	2.723120e-001	6.532000e-003	
633	7.203560e-001	2.733000e-001	6.344000e-003	
634	7.196120e-001	2.742840e-001	6.104000e-003	
635	7.184080e-001	2.755360e-001	6.056000e-003	
636	7.168360e-001	2.771680e-001	5.996000e-003	
637	7.156040e-001	2.786240e-001	5.772000e-003	
638	7.140320e-001	2.801440e-001	5.824000e-003	
639	7.127600e-001	2.813600e-001	5.880000e-003	
640	7.115920e-001	2.826080e-001	5.800000e-003	
641	7.100520e-001	2.842320e-001	5.716000e-003	
642	7.088280e-001	2.857160e-001	5.456000e-003	
643	7.071000e-001	2.874720e-001	5.428000e-003	
644	7.052680e-001	2.895840e-001	5.148000e-003	
645	7.033560e-001	2.915800e-001	5.064000e-003	
646	7.015040e-001	2.934320e-001	5.064000e-003	
647	6.995600e-001	2.955440e-001	4.896000e-003	
648	6.973480e-001	2.977320e-001	4.920000e-003	
649	6.953920e-001	2.999200e-001	4.688000e-003	
650	6.930520e-001	3.023760e-001	4.572000e-003	
651	6.908000e-001	3.047240e-001	4.476000e-003	
652	6.881400e-001	3.074400e-001	4.420000e-003	
653	6.857560e-001	3.097800e-001	4.464000e-003	
654	6.834280e-001	3.119640e-001	4.608000e-003	
655	6.813160e-001	3.140760e-001	4.608000e-003	
656	6.794360e-001	3.158680e-001	4.696000e-003	
657	6.775520e-001	3.178200e-001	4.628000e-003	
658	6.751960e-001	3.202440e-001	4.560000e-003	
659	6.727960e-001	3.229080e-001	4.296000e-003	
660	6.705920e-001	3.251440e-001	4.264000e-003	
661	6.684800e-001	3.271560e-001	4.364000e-003	
662	6.659400e-001	3.296160e-001	4.444000e-003	
663	6.636640e-001	3.317560e-001	4.580000e-003	
664	6.615760e-001	3.337680e-001	4.656000e-003	
665	6.596720e-001	3.354600e-001	4.868000e-003	
666	6.577080e-001	3.373120e-001	4.980000e-003	
667	6.559880e-001	3.388720e-001	5.140000e-003	
668	6.547360e-001	3.402800e-001	4.984000e-003	
669	6.529520e-001	3.417160e-001	5.332000e-003	
670	6.518400e-001	3.425960e-001	5.564000e-003	
671	6.510120e-001	3.432880e-001	5.700000e-003	
672	6.499680e-001	3.444720e-001	5.560000e-003	
673	6.490600e-001	3.449120e-001	6.028000e-003	
674	6.484640e-001	3.452800e-001	6.256000e-003	
675	6.482800e-001	3.454400e-001	6.280000e-003	
676	6.479400e-001	3.455040e-001	6.556000e-003	
677	6.479080e-001	3.453280e-001	6.764000e-003	
678	6.481160e-001	3.450440e-001	6.840000e-003	
679	6.485320e-001	3.446480e-001	6.820000e-003	
680	6.489000e-001	3.442680e-001	6.832000e-003	
681	6.495840e-001	3.433960e-001	7.020000e-003	
682	6.504960e-001	3.424800e-001	7.024000e-003	
683	6.510720e-001	3.416360e-001	7.292000e-003	
684	6.518520e-001	3.407480e-001	7.400000e-003	
685	6.526200e-001	3.399000e-001	7.480000e-003	
686	6.534240e-001	3.385520e-001	8.024000e-003	
687	6.548360e-001	3.369040e-001	8.260000e-003	
688	6.562840e-001	3.354960e-001	8.220000e-003	
689	6.580040e-001	3.336160e-001	8.380000e-003	
690	6.597640e-001	3.313520e-001	8.884000e-003	
691	6.620800e-001	3.289960e-001	8.924000e-003	
692	6.643280e-001	3.267760e-001	8.896000e-003	
693	6.664640e-001	3.239840e-001	9.552000e-003	
694	6.694640e-001	3.210720e-001	9.464000e-003	
695	6.723040e-001	3.181160e-001	9.580000e-003	
696	6.751920e-001	3.155040e-001	9.304000e-003	
697	6.777000e-001	3.127400e-001	9.560000e-003	
698	6.805800e-001	3.096360e-001	9.784000e-003	
699	6.835440e-001	3.067280e-001	9.728000e-003	
700	6.864400e-001	3.038000e-001	9.760000e-003	
701	6.892000e-001	3.010720e-001	9.728000e-003	
702	6.916800e-001	2.983880e-001	9.932000e-003	
703	6.946080e-001	2.955600e-001	9.832000e-003	
704	6.975920e-001	2.926640e-001	9.744000e-003	
705	7.002200e-001	2.899200e-001	9.860000e-003	
706	7.031840e-001	2.874800e-001	9.336000e-003	
707	7.056480e-001	2.851040e-001	9.248000e-003	
708	7.079240e-001	2.830720e-001	9.004000e-003	
709	7.096800e-001	2.814240e-001	8.896000e-003	
710	7.116120e-001	2.795680e-001	8.820000e-003	
711	7.132000e-001	2.782360e-001	8.564000e-003	
712	7.150720e-001	2.766600e-001	8.268000e-003	
713	7.158440e-001	2.758720e-001	8.284000e-003	
714	7.171360e-001	2.746120e-001	8.252000e-003	
715	7.184360e-001	2.733920e-001	8.172000e-003	
716	7.194080e-001	2.725160e-001	8.076000e-003	
717	7.205640e-001	2.716960e-001	7.740000e-003	
718	7.213000e-001	2.709800e-001	7.720000e-003	
719	7.215000e-001	2.711040e-001	7.396000e-003	
720	7.217040e-001	2.709160e-001	7.380000e-003	
721	7.220880e-001	2.708760e-001	7.036000e-003	
722	7.217800e-001	2.711440e-001	7.076000e-003	
723	7.217480e-001	2.714720e-001	6.780000e-003	
724	7.214520e-001	2.719320e-001	6.616000e-003	
725	7.209200e-001	2.727360e-001	6.344000e-003	
726	7.200800e-001	2.736400e-001	6.280000e-003	
727	7.188680e-001	2.749720e-001	6.160000e-003	
728	7.181520e-001	2.759160e-001	5.932000e-003	
729	7.169280e-001	2.774280e-001	5.644000e-003	
730	7.152120e-001	2.790800e-001	5.708000e-003	
731	7.140360e-001	2.803160e-001	5.648000e-003	
732	7.125120e-001	2.820280e-001	5.460000e-003	
733	7.108800e-001	2.837160e-001	5.404000e-003	
734	7.091440e-001	2.854560e-001	5.400000e-003	
735	7.073160e-001	2.873040e-001	5.380000e-003	
736	7.055560e-001	2.892200e-001	5.224000e-003	
737	7.035360e-001	2.911960e-001	5.268000e-003	
738	7.016000e-001	2.929400e-001	5.460000e-003	
739	7.000920e-001	2.947800e-001	5.128000e-003	
740	6.983560e-001	2.963280e-001	5.316000e-003	
741	6.966800e-001	2.977040e-001	5.616000e-003	
742	6.953280e-001	2.993560e-001	5.316000e-003	
743	6.936280e-001	3.010960e-001	5.276000e-003	
744	6.916080e-001	3.032160e-001	5.176000e-003	
745	6.897040e-001	3.048080e-001	5.488000e-003	
746	6.882320e-001	3.064240e-001	5.344000e-003	
747	6.867320e-001	3.080600e-001	5.208000e-003	
748	6.851280e-001	3.096560e-001	5.216000e-003	
749	6.831120e-001	3.117320e-001	5.156000e-003	
750	6.816920e-001	3.131880e-001	5.120000e-003	
751	6.798080e-001	3.150360e-001	5.156000e-003	
752	6.778480e-001	3.167800e-001	5.372000e-003	
753	6.767640e-001	3.175160e-001	5.720000e-003	
754	6.758000e-001	3.186960e-001	5.504000e-003	
755	6.742240e-001	3.204320e-001	5.344000e-003	
756	6.724400e-001	3.219320e-001	5.628000e-003	
757	6.715120e-001	3.227680e-001	5.720000e-003	
758	6.705040e-001	3.233000e-001	6.196000e-003	
759	6.702800e-001	3.235440e-001	6.176000e-003	
760	6.696320e-001	3.242560e-001	6.112000e-003	
761	6.690280e-001	3.246000e-001	6.372000e-003	
762	6.686960e-001	3.247240e-001	6.580000e-003	
763	6.684160e-001	3.249320e-001	6.652000e-003	
764	6.684920e-001	3.249440e-001	6.564000e-003	
765	6.684280e-001	3.250160e-001	6.556000e-003	
766	6.682840e-001	3.251440e-001	6.572000e-003	
767	6.681000e-001	3.251600e-001	6.740000e-003	
768	6.680880e-001	3.250040e-001	6.908000e-003	
769	6.685280e-001	3.243320e-001	7.140000e-003	
770	6.688760e-001	3.238280e-001	7.296000e-003	
771	6.693840e-001	3.232280e-001	7.388000e-003	
772	6.704760e-001	3.218720e-001	7.652000e-003	
773	6.714320e-001	3.210160e-001	7.552000e-003	
774	6.721880e-001	3.204440e-001	7.368000e-003	
775	6.729120e-001	3.194880e-001	7.600000e-003	
776	6.740760e-001	3.186320e-001	7.292000e-003	
777	6.745680e-001	3.183200e-001	7.112000e-003	
778	6.749840e-001	3.178240e-001	7.192000e-003	
779	6.754480e-001	3.169120e-001	7.640000e-003	
780	6.760680e-001	3.163400e-001	7.592000e-003	
781	6.768960e-001	3.155240e-001	7.580000e-003	
782	6.776280e-001	3.147200e-001	7.652000e-003	
783	6.784760e-001	3.137360e-001	7.788000e-003	
784	6.794160e-001	3.125040e-001	8.080000e-003	
785	6.805000e-001	3.114880e-001	8.012000e-003	
786	6.817440e-001	3.098920e-001	8.364000e-003	
787	6.832600e-001	3.082040e-001	8.536000e-003	
788	6.849000e-001	3.068040e-001	8.296000e-003	
789	6.861280e-001	3.057600e-001	8.112000e-003	
790	6.876920e-001	3.038120e-001	8.496000e-003	
791	6.891680e-001	3.024080e-001	8.424000e-003	
792	6.908200e-001	3.008680e-001	8.312000e-003	
793	6.922960e-001	2.995080e-001	8.196000e-003	
794	6.935600e-001	2.983240e-001	8.116000e-003	
795	6.945680e-001	2.971560e-001	8.276000e-003	
796	6.962920e-001	2.954520e-001	8.256000e-003	
797	6.976160e-001	2.941320e-001	8.252000e-003	
798	6.989160e-001	2.930280e-001	8.056000e-003	
799	7.001080e-001	2.918920e-001	8.000000e-003	
800	7.012720e-001	2.907920e-001	7.936000e-003	
801	7.021200e-001	2.898520e-001	8.028000e-003	
802	7.029960e-001	2.889400e-001	8.064000e-003	
803	7.037600e-001	2.882760e-001	7.964000e-003	
804	7.045840e-001	2.874880e-001	7.928000e-003	
805	7.054360e-001	2.869840e-001	7.580000e-003	
806	7.060480e-001	2.865440e-001	7.408000e-003	
807	7.064440e-001	2.863600e-001	7.196000e-003	
808	7.068240e-001	2.862000e-001	6.976000e-003	
809	7.066920e-001	2.864920e-001	6.816000e-003	
810	7.062760e-001	2.870280e-001	6.696000e-003	
811	7.060280e-001	2.874200e-001	6.552000e-003	
812	7.056920e-001	2.880000e-001	6.308000e-003	
813	7.049600e-001	2.883800e-001	6.660000e-003	
814	7.045240e-001	2.889280e-001	6.548000e-003	
815	7.040600e-001	2.892920e-001	6.648000e-003	
816	7.037080e-001	2.895000e-001	6.792000e-003	
817	7.035280e-001	2.896800e-001	6.792000e-003	
818	7.034320e-001	2.897080e-001	6.860000e-003	
819	7.031960e-001	2.897440e-001	7.060000e-003	
820	7.033800e-001	2.896320e-001	6.988000e-003	
821	7.031240e-001	2.900000e-001	6.876000e-003	
822	7.030200e-001	2.902040e-001	6.776000e-003	
823	7.028360e-001	2.906800e-001	6.484000e-003	
824	7.019240e-001	2.917640e-001	6.312000e-003	
825	7.011920e-001	2.924440e-001	6.364000e-003	
826	7.007040e-001	2.929840e-001	6.312000e-003	
827	7.002840e-001	2.933760e-001	6.340000e-003	
828	6.997360e-001	2.939040e-001	6.360000e-003	
829	6.989080e-001	2.945440e-001	6.548000e-003	
830	6.987160e-001	2.947320e-001	6.552000e-003	
831	6.984760e-001	2.951200e-001	6.404000e-003	
832	6.979480e-001	2.958160e-001	6.236000e-003	
833	6.973080e-001	2.964720e-001	6.220000e-003	
834	6.963680e-001	2.975280e-001	6.104000e-003	
835	6.957280e-001	2.983040e-001	5.968000e-003	
836	6.947880e-001	2.991160e-001	6.096000e-003	
837	6.938040e-001	2.999160e-001	6.280000e-003	
838	6.931320e-001	3.003000e-001	6.568000e-003	
839	6.928400e-001	3.005600e-001	6.600000e-003	
840	6.924600e-001	3.009520e-001	6.588000e-003	
841	6.919960e-001	3.013520e-001	6.652000e-003	
842	6.916880e-001	3.014600e-001	6.852000e-003	
843	6.919520e-001	3.014480e-001	6.600000e-003	
844	6.917800e-001	3.015040e-001	6.716000e-003	
845	6.914920e-001	3.018440e-001	6.664000e-003	
846	6.912240e-001	3.023200e-001	6.456000e-003	
847	6.909320e-001	3.024960e-001	6.572000e-003	
848	6.908720e-001	3.024360e-001	6.692000e-003	
849	6.905520e-001	3.029480e-001	6.500000e-003	
850	6.899320e-001	3.035920e-001	6.476000e-003	
851	6.897240e-001	3.036080e-001	6.668000e-003	
852	6.897360e-001	3.034880e-001	6.776000e-003	
853	6.896200e-001	3.034440e-001	6.936000e-003	
